
--------------------------------------------------------
   Execution Summary   
--------------------------------------------------------
Warning! Execution finished without satisfying all stopping criteria. Warning!
Runtime (seconds):                                           -1.0888380000000000E+00
Number of outer iterations:                                   189
Number of inner iterations:                                   18894
Final eigenvalue:                                             1.1029664264661434E+00
Eigenvalue error:                                             0.0000000000000000E+00
Maximum fission source error:                                 0.0000000000000000E+00
Maximum scalar group flux error:                              0.0000000000000000E+00
A flux file was been succesfully written!

--------------------------------------------------------
   Region averaged reaction rates  
--------------------------------------------------------

-- Region --   1 -- Material -- mat_1 Volume =   1.538052E+01
   Group          Flux       Fission    Absorption      Fiss Src
       1  4.540840E+00  6.739925E-02  8.557940E-02  2.112877E-01
       2  1.609496E+01  1.907012E-01  2.066219E-01  5.060794E-01
       3  1.638622E+01  2.103422E-02  6.431251E-02  5.307256E-02
       4  2.655643E+01  3.515703E-02  1.890975E-01  8.581344E-02
       5  1.461404E+01  1.118491E-01  5.200668E-01  2.719206E-01
       6  3.499639E+00  8.230148E-02  3.025101E-01  1.983956E-01
       7  2.953716E+00  1.026368E-01  5.178832E-01  2.472371E-01
       8  1.337260E+00  3.926701E-02  9.021287E-02  9.459689E-02
       9  2.079165E+00  6.242325E-02  4.794203E-01  1.508761E-01
      10  2.993535E+00  4.432179E-02  9.972344E-02  1.080054E-01
      11  4.413925E-01  2.369155E-02  3.769382E-02  5.766168E-02
      12  1.871670E-01  1.268418E-02  1.769344E-02  3.087140E-02
      13  1.864356E-01  9.666159E-03  1.342266E-02  2.352598E-02
      14  1.122575E+00  5.202346E-02  7.311643E-02  1.266173E-01
      15  1.562261E+00  1.202592E-01  1.632965E-01  2.926928E-01
      16  5.682361E-01  8.130563E-02  1.098229E-01  1.978746E-01
      17  1.193268E+00  1.782349E-01  2.442058E-01  4.332855E-01
      18  8.068764E-01  1.268159E-01  1.709513E-01  3.081436E-01
      19  1.307518E+00  2.439364E-01  3.237282E-01  5.927289E-01
      20  9.948710E-01  2.210103E-01  2.901946E-01  5.370219E-01
      21  1.471224E+00  3.880375E-01  5.062711E-01  9.428728E-01
      22  1.304672E+00  4.175148E-01  5.423160E-01  1.014498E+00
      23  1.024658E+00  3.957548E-01  5.133903E-01  9.616249E-01
      24  1.105667E+00  5.530201E-01  7.189650E-01  1.343756E+00
      25  4.612810E-01  3.806261E-01  4.976503E-01  9.248643E-01
   Total  1.047939E+02  3.961672E+00  6.778146E+00  9.715325E+00

-- Region --   2 -- Material -- mat_2 Volume =   6.234850E-01
   Group          Flux       Fission    Absorption      Fiss Src
       1  4.339053E+00  0.000000E+00  9.198097E-07  0.000000E+00
       2  1.537646E+01  0.000000E+00 -3.039338E-05  0.000000E+00
       3  1.566149E+01  0.000000E+00  3.862210E-05  0.000000E+00
       4  2.606479E+01  0.000000E+00 -2.027674E-05  0.000000E+00
       5  1.473627E+01  0.000000E+00  2.155917E-06  0.000000E+00
       6  3.577405E+00  0.000000E+00  5.208701E-10  0.000000E+00
       7  3.090145E+00  0.000000E+00  2.328206E-06  0.000000E+00
       8  1.360809E+00  0.000000E+00 -1.574986E-09  0.000000E+00
       9  2.206068E+00  0.000000E+00 -1.778157E-08  0.000000E+00
      10  3.017984E+00  0.000000E+00  1.934097E-06  0.000000E+00
      11  4.502605E-01  0.000000E+00 -9.971469E-10  0.000000E+00
      12  1.915578E-01  0.000000E+00  8.394062E-10  0.000000E+00
      13  1.898824E-01  0.000000E+00 -2.913556E-10  0.000000E+00
      14  1.141292E+00  0.000000E+00 -3.465027E-08  0.000000E+00
      15  1.603287E+00  0.000000E+00 -8.882904E-08  0.000000E+00
      16  5.960805E-01  0.000000E+00  7.062886E-09  0.000000E+00
      17  1.256610E+00  0.000000E+00  2.131845E-06  0.000000E+00
      18  8.514164E-01  0.000000E+00  2.007561E-08  0.000000E+00
      19  1.392440E+00  0.000000E+00 -5.578885E-08  0.000000E+00
      20  1.071663E+00  0.000000E+00 -7.412059E-08  0.000000E+00
      21  1.606646E+00  0.000000E+00  2.055955E-06  0.000000E+00
      22  1.450891E+00  0.000000E+00  1.878237E-06  0.000000E+00
      23  1.164035E+00  0.000000E+00  2.657129E-06  0.000000E+00
      24  1.303419E+00  0.000000E+00  3.319730E-06  0.000000E+00
      25  6.031688E-01  0.000000E+00  6.598543E-06  0.000000E+00
   Total  1.043031E+02  0.000000E+00  1.368592E-05  0.000000E+00

-- Region --   3 -- Material -- mat_3 Volume =   4.899184E+00
   Group          Flux       Fission    Absorption      Fiss Src
       1  4.272230E+00  0.000000E+00  1.052284E-03  0.000000E+00
       2  1.522712E+01  0.000000E+00  6.078249E-03  0.000000E+00
       3  1.562599E+01  0.000000E+00  8.067400E-03  0.000000E+00
       4  2.604864E+01  0.000000E+00  2.109195E-02  0.000000E+00
       5  1.474607E+01  0.000000E+00  9.203295E-02  0.000000E+00
       6  3.588221E+00  0.000000E+00  4.191165E-03  0.000000E+00
       7  3.109003E+00  0.000000E+00  2.184272E-03  0.000000E+00
       8  1.364329E+00  0.000000E+00  5.157316E-04  0.000000E+00
       9  2.223605E+00  0.000000E+00  1.221637E-03  0.000000E+00
      10  3.021440E+00  0.000000E+00  2.857839E-03  0.000000E+00
      11  4.515940E-01  0.000000E+00  6.057130E-04  0.000000E+00
      12  1.921509E-01  0.000000E+00  2.672384E-04  0.000000E+00
      13  1.903443E-01  0.000000E+00  2.691718E-04  0.000000E+00
      14  1.143856E+00  0.000000E+00  1.894066E-03  0.000000E+00
      15  1.609066E+00  0.000000E+00  3.319352E-03  0.000000E+00
      16  6.000533E-01  0.000000E+00  1.494093E-03  0.000000E+00
      17  1.265415E+00  0.000000E+00  3.791826E-03  0.000000E+00
      18  8.576029E-01  0.000000E+00  3.028757E-03  0.000000E+00
      19  1.404285E+00  0.000000E+00  5.877362E-03  0.000000E+00
      20  1.082287E+00  0.000000E+00  5.089177E-03  0.000000E+00
      21  1.625341E+00  0.000000E+00  8.839193E-03  0.000000E+00
      22  1.471042E+00  0.000000E+00  9.432576E-03  0.000000E+00
      23  1.183357E+00  0.000000E+00  8.936743E-03  0.000000E+00
      24  1.330675E+00  0.000000E+00  1.264970E-02  0.000000E+00
      25  6.220152E-01  0.000000E+00  9.765900E-03  0.000000E+00
   Total  1.042557E+02  0.000000E+00  2.145543E-01  0.000000E+00

-- Region --   4 -- Material -- mat_4 Volume =   5.845666E+01
   Group          Flux       Fission    Absorption      Fiss Src
       1  4.209371E+00  0.000000E+00  8.855705E-03  0.000000E+00
       2  1.485457E+01  0.000000E+00  1.016993E-04  0.000000E+00
       3  1.505059E+01  0.000000E+00  1.035576E-04  0.000000E+00
       4  2.566266E+01  0.000000E+00  5.229341E-04  0.000000E+00
       5  1.489267E+01  0.000000E+00  3.741539E-03  0.000000E+00
       6  3.655075E+00  0.000000E+00  3.009999E-03  0.000000E+00
       7  3.215983E+00  0.000000E+00  4.607678E-03  0.000000E+00
       8  1.383075E+00  0.000000E+00  2.927816E-03  0.000000E+00
       9  2.322819E+00  0.000000E+00  6.990441E-03  0.000000E+00
      10  3.042588E+00  0.000000E+00  1.529515E-02  0.000000E+00
      11  4.592952E-01  0.000000E+00  3.158578E-03  0.000000E+00
      12  1.960318E-01  0.000000E+00  1.433772E-03  0.000000E+00
      13  1.934536E-01  0.000000E+00  1.455714E-03  0.000000E+00
      14  1.160862E+00  0.000000E+00  9.896707E-03  0.000000E+00
      15  1.644671E+00  0.000000E+00  1.807199E-02  0.000000E+00
      16  6.231650E-01  0.000000E+00  8.330044E-03  0.000000E+00
      17  1.318467E+00  0.000000E+00  2.091573E-02  0.000000E+00
      18  8.955962E-01  0.000000E+00  1.684693E-02  0.000000E+00
      19  1.477678E+00  0.000000E+00  3.227465E-02  0.000000E+00
      20  1.149435E+00  0.000000E+00  2.884197E-02  0.000000E+00
      21  1.744692E+00  0.000000E+00  5.015932E-02  0.000000E+00
      22  1.601780E+00  0.000000E+00  5.398608E-02  0.000000E+00
      23  1.310410E+00  0.000000E+00  5.186752E-02  0.000000E+00
      24  1.516636E+00  0.000000E+00  7.630309E-02  0.000000E+00
      25  7.597400E-01  0.000000E+00  6.430249E-02  0.000000E+00
   Total  1.043413E+02  0.000000E+00  4.840011E-01  0.000000E+00

