750
  1.6666666666666666E-01  1.8848702893574527E+00  1.4777576967009363E+00
  1.6666666666666666E-01  1.8675814582061903E+00  1.4712487176819338E+00
  1.6666666666666666E-01  1.8774870473194871E+00  1.4726386662536775E+00
  1.6666666666666666E-01  1.8806701546297964E+00  1.5009760978445876E+00
  1.6666666666666666E-01  1.8287114597353245E+00  1.4634179840908821E+00
  1.6666666666666666E-01  1.8403871635822726E+00  1.4698789386062576E+00
  1.6666666666666666E-01  1.4780427956721489E+00  1.1640225977105589E+00
  1.6666666666666666E-01  1.6511091240945863E+00  1.3045457457606409E+00
  1.6666666666666666E-01  1.6581567212565775E+00  1.3083045509726943E+00
  1.6666666666666666E-01  1.4866995083123937E+00  1.1691800996703248E+00
  1.6666666666666666E-01  1.2784155302458506E+00  9.9080879918311915E-01
  1.6666666666666666E-01  1.2775149495142604E+00  9.8958273906720684E-01
  1.6666666666666666E-01  4.1476676005626029E-01  3.1771860062035501E-01
  1.6666666666666666E-01  6.6681240858472401E-01  5.1938872939396108E-01
  1.6666666666666666E-01  6.6788548490986499E-01  5.2031357283428892E-01
  1.6666666666666666E-01  4.1511029606794403E-01  3.1819342747678070E-01
  1.6666666666666666E-01  2.5447514034906565E-01  1.9855210770925044E-01
  1.6666666666666666E-01  2.5378333541306564E-01  1.9820510455859025E-01
  1.6666666666666666E-01  1.0771369719116444E-01  7.7863169499152160E-02
  1.6666666666666666E-01  1.5128634547943925E-01  1.1655204303858527E-01
  1.6666666666666666E-01  1.5161400119222460E-01  1.1674048669501311E-01
  1.6666666666666666E-01  1.0774716650769392E-01  7.7941188008126369E-02
  1.6666666666666666E-01  7.8091532026469568E-02  5.3193889346542435E-02
  1.6666666666666666E-01  7.7872515614288831E-02  5.3124896547274647E-02
  1.6666666666666666E-01  3.1977322692518573E-02  2.0044533611776449E-02
  1.6666666666666666E-01  4.5774577321194040E-02  3.1085428488602695E-02
  1.6666666666666666E-01  4.5856218833232328E-02  3.1118410147362992E-02
  1.6666666666666666E-01  3.1976944798897636E-02  2.0055221595824596E-02
  1.6666666666666666E-01  2.2434378625019742E-02  1.2447893629192415E-02
  1.6666666666666666E-01  2.2379093256998089E-02  1.2436365587027279E-02
  1.6666666666666666E-01  1.7124716761733847E+00  1.3630900197661453E+00
  1.6666666666666666E-01  1.4504378338643387E+00  1.1580192442434099E+00
  1.6666666666666666E-01  1.2524118985681241E+00  9.8947049329916992E-01
  1.6666666666666666E-01  1.3395609959579760E+00  1.0557020900142975E+00
  1.6666666666666666E-01  1.6449914605854743E+00  1.3083410519547580E+00
  1.6666666666666666E-01  1.7800386708318605E+00  1.4209727822574774E+00
  1.6666666666666666E-01  1.0636729844965627E+00  8.2905898036548242E-01
  1.6666666666666666E-01  1.1782355418979604E+00  9.1643290073954564E-01
  1.6666666666666666E-01  1.3647473713892260E+00  1.0754149612011981E+00
  1.6666666666666666E-01  1.3864340685755989E+00  1.0995751148519233E+00
  1.6666666666666666E-01  1.2013097424822863E+00  9.4960430578708799E-01
  1.6666666666666666E-01  1.0788411080939992E+00  8.4336139457702142E-01
  1.6666666666666666E-01  3.3001557320889879E-01  2.5679131004586436E-01
  1.6666666666666666E-01  5.2575895201489065E-01  4.1766464353462623E-01
  1.6666666666666666E-01  5.9040520739846025E-01  4.7521075364008392E-01
  1.6666666666666666E-01  4.1372804562905385E-01  3.3592824799036758E-01
  1.6666666666666666E-01  2.7228335129940062E-01  2.1928357158357159E-01
  1.6666666666666666E-01  2.1981376044116854E-01  1.8129012782930570E-01
  1.6666666666666666E-01  1.0106289853627251E-01  7.2392435780828573E-02
  1.6666666666666666E-01  1.3518962078659211E-01  1.0605337914783583E-01
  1.6666666666666666E-01  1.5933469180045001E-01  1.2251700745361266E-01
  1.6666666666666666E-01  8.9477789989970274E-02  7.8522895509897231E-02
  1.6666666666666666E-01  6.9443500988076778E-02  5.5181572167029888E-02
  1.6666666666666666E-01  5.6449130720479385E-02  4.7373928129739916E-02
  1.6666666666666666E-01  2.4938275658836773E-02  1.7842084985825516E-02
  1.6666666666666666E-01  3.4447882752699985E-02  2.7502822272097965E-02
  1.6666666666666666E-01  4.0537363886385007E-02  3.0997115309339397E-02
  1.6666666666666666E-01  2.6495685657539441E-02  2.0565631072377358E-02
  1.6666666666666666E-01  1.9969047473846306E-02  1.3317625910179482E-02
  1.6666666666666666E-01  1.6392270157236408E-02  1.1369697092007573E-02
  1.6666666666666666E-01  6.9580956081982870E-01  5.5812368725041450E-01
  1.6666666666666666E-01  4.2709142975915326E-01  3.3184908615599679E-01
  1.6666666666666666E-01  2.7195269096035235E-01  2.1374211731040099E-01
  1.6666666666666666E-01  3.1537816631703436E-01  2.4418320802457552E-01
  1.6666666666666666E-01  5.0220135711110736E-01  3.9672834463920781E-01
  1.6666666666666666E-01  7.7148347883765545E-01  6.1369000126967665E-01
  1.6666666666666666E-01  1.8703857614761443E-01  1.5765870881411922E-01
  1.6666666666666666E-01  2.3633903576652301E-01  1.8591232431290719E-01
  1.6666666666666666E-01  3.7117145926311490E-01  2.9079720182803115E-01
  1.6666666666666666E-01  5.8398976834839589E-01  4.5595426326479671E-01
  1.6666666666666666E-01  5.1638412007709400E-01  4.0685543793124990E-01
  1.6666666666666666E-01  3.2048271428468067E-01  2.4692062486481081E-01
  1.6666666666666666E-01  1.5139439723729181E-01  1.1102061615504695E-01
  1.6666666666666666E-01  1.9001931222735310E-01  1.4828946682529640E-01
  1.6666666666666666E-01  2.6627192733819388E-01  2.1106006386618370E-01
  1.6666666666666666E-01  2.7410504986523243E-01  2.1622162292262420E-01
  1.6666666666666666E-01  1.9746948602374659E-01  1.5365236740492719E-01
  1.6666666666666666E-01  1.5730927521761387E-01  1.1398413655272253E-01
  1.6666666666666666E-01  8.2124694977756305E-02  5.1739753731262265E-02
  1.6666666666666666E-01  1.0335715086110518E-01  7.0776882629034032E-02
  1.6666666666666666E-01  1.1849477752120571E-01  8.6605614013940804E-02
  1.6666666666666666E-01  7.5964102523848706E-02  6.3682011965086494E-02
  1.6666666666666666E-01  6.3700792226606739E-02  4.7420343263594879E-02
  1.6666666666666666E-01  5.1915038701428814E-02  3.8159633214961616E-02
  1.6666666666666666E-01  2.5565015862652678E-02  1.5446835048295568E-02
  1.6666666666666666E-01  3.3409402518309025E-02  2.2887876547316936E-02
  1.6666666666666666E-01  3.7906030565506552E-02  2.6612227123510069E-02
  1.6666666666666666E-01  2.0127172341097704E-02  1.7284791157330313E-02
  1.6666666666666666E-01  1.5776507018664596E-02  1.1417280319573736E-02
  1.6666666666666666E-01  1.3115943747524016E-02  9.4642838270375240E-03
  1.6666666666666666E-01  1.6843358268005976E-01  1.3346741937206444E-01
  1.6666666666666666E-01  1.1858623989225875E-01  8.5850705061967195E-02
  1.6666666666666666E-01  8.2114033579771900E-02  5.8167374023638377E-02
  1.6666666666666666E-01  9.1885901569730769E-02  6.5305064497849993E-02
  1.6666666666666666E-01  1.2717021475857879E-01  9.9239630166925358E-02
  1.6666666666666666E-01  1.8613429555357341E-01  1.4836096123979250E-01
  1.6666666666666666E-01  5.8036173628984680E-02  4.3778855037215639E-02
  1.6666666666666666E-01  7.1014560908993329E-02  5.0706114210894722E-02
  1.6666666666666666E-01  9.9444427995359796E-02  7.3979790605892340E-02
  1.6666666666666666E-01  1.3723052839828670E-01  1.0491861874128781E-01
  1.6666666666666666E-01  1.1273749628106074E-01  9.1591303108100083E-02
  1.6666666666666666E-01  8.2503209044097706E-02  6.1832863526160180E-02
  1.6666666666666666E-01  4.1725969821494874E-02  3.3302830012102873E-02
  1.6666666666666666E-01  5.1117907234857839E-02  4.0797479758458093E-02
  1.6666666666666666E-01  6.2041123619304459E-02  5.5749228823302584E-02
  1.6666666666666666E-01  1.1345068633137932E-01  8.2906913482414885E-02
  1.6666666666666666E-01  9.8982984313992120E-02  6.8354675100785744E-02
  1.6666666666666666E-01  7.8181760821559282E-02  4.9379526283779285E-02
  1.6666666666666666E-01  4.1717180477161241E-02  2.4947152087576425E-02
  1.6666666666666666E-01  5.1681598418536756E-02  3.2157498687644240E-02
  1.6666666666666666E-01  5.9648369940468730E-02  4.0771968162276656E-02
  1.6666666666666666E-01  6.2306827563985513E-02  4.1917642428634355E-02
  1.6666666666666666E-01  5.4266061604532297E-02  3.3446569729996586E-02
  1.6666666666666666E-01  4.3675879244035577E-02  2.5649290427148412E-02
  1.6666666666666666E-01  2.2109779778775106E-02  1.1169021293357780E-02
  1.6666666666666666E-01  2.8309504414673003E-02  1.5866519786770825E-02
  1.6666666666666666E-01  3.2153284522539682E-02  1.9134976805931979E-02
  1.6666666666666666E-01  2.0177530970694055E-02  1.3968716668841421E-02
  1.6666666666666666E-01  1.6635624983052259E-02  9.6852200597808101E-03
  1.6666666666666666E-01  1.3506526684138147E-02  7.6528505247802124E-03
  1.6666666666666666E-01  4.9749690276800485E-02  3.5930949884748938E-02
  1.6666666666666666E-01  3.4172678646751692E-02  2.2113580589433583E-02
  1.6666666666666666E-01  2.3409923797298282E-02  1.3660017180399770E-02
  1.6666666666666666E-01  2.5559119827058108E-02  1.5208920872330226E-02
  1.6666666666666666E-01  3.6705741502924126E-02  2.5874241790073128E-02
  1.6666666666666666E-01  5.3850367845164143E-02  3.9605128675118145E-02
  1.6666666666666666E-01  1.7018957371066602E-02  1.0581146240294123E-02
  1.6666666666666666E-01  2.0331651861834013E-02  1.2058886492587713E-02
  1.6666666666666666E-01  2.8787335270668520E-02  1.9264348107487134E-02
  1.6666666666666666E-01  4.0891581198932624E-02  2.8582228187177580E-02
  1.6666666666666666E-01  3.5270677920398744E-02  2.5566149360884870E-02
  1.6666666666666666E-01  2.5607118860654799E-02  1.6700524958367519E-02
  1.6666666666666666E-01  1.3192284433689794E-02  8.7514307806669193E-03
  1.6666666666666666E-01  1.6014099388917850E-02  1.0638396526371077E-02
  1.6666666666666666E-01  2.0264482023719957E-02  1.5982868005537131E-02
  1.6666666666666666E-01  3.0400301035680977E-02  2.2950631348926633E-02
  1.6666666666666666E-01  2.6676999896872042E-02  1.9830844633567650E-02
  1.6666666666666666E-01  2.0179907855739126E-02  1.3251162049091561E-02
  1.6666666666666666E-01  1.0764505456997970E-02  6.7358437834772154E-03
  1.6666666666666666E-01  1.3164421080564813E-02  8.3821512634944910E-03
  1.6666666666666666E-01  1.6235091413430294E-02  1.2299802103505836E-02
  1.6666666666666666E-01  3.0526001057234221E-02  1.8264736348068782E-02
  1.6666666666666666E-01  2.6938200099865837E-02  1.5304491494421901E-02
  1.6666666666666666E-01  2.0946013820570698E-02  1.0665169587568728E-02
  1.6666666666666666E-01  1.0438822274902233E-02  4.5148476972842102E-03
  1.6666666666666666E-01  1.3310089177282223E-02  6.3260104530832723E-03
  1.6666666666666666E-01  1.5740343414876359E-02  8.7399060726370808E-03
  1.6666666666666666E-01  1.6541818562875680E-02  8.9999384616894270E-03
  1.6666666666666666E-01  1.4040894896484917E-02  6.5756959103984713E-03
  1.6666666666666666E-01  1.1002888827161984E-02  4.6556273672267740E-03
  1.6666666666666666E-01  1.6685096287198689E+00  1.3138683405649327E+00
  1.6666666666666666E-01  1.3032509634405460E+00  1.0109000740393390E+00
  1.6666666666666666E-01  1.4970267147311940E+00  1.1752236763726542E+00
  1.6666666666666666E-01  1.6587070498813841E+00  1.3302002959149046E+00
  1.6666666666666666E-01  1.2810903609179289E+00  1.0056723599915036E+00
  1.6666666666666666E-01  1.5283879199501420E+00  1.2176055440072129E+00
  1.6666666666666666E-01  1.4119315926502476E+00  1.1162163516821160E+00
  1.6666666666666666E-01  1.4090472148696258E+00  1.1132914974285761E+00
  1.6666666666666666E-01  1.2192682110861877E+00  9.5991987832186410E-01
  1.6666666666666666E-01  1.0921537623261206E+00  8.5423581394633474E-01
  1.6666666666666666E-01  1.0929676404207886E+00  8.5555846088623899E-01
  1.6666666666666666E-01  1.2149904117704424E+00  9.5881737826853619E-01
  1.6666666666666666E-01  4.1644695572278762E-01  3.3786951289595502E-01
  1.6666666666666666E-01  5.9611443091418492E-01  4.7945944949456093E-01
  1.6666666666666666E-01  5.3178727959538064E-01  4.2335019216318032E-01
  1.6666666666666666E-01  3.3280412799933762E-01  2.5978421191016882E-01
  1.6666666666666666E-01  2.2173203120145230E-01  1.8297330273356016E-01
  1.6666666666666666E-01  2.7351666138473257E-01  2.2029305837022406E-01
  1.6666666666666666E-01  8.9868450091728988E-02  7.8787631932395408E-02
  1.6666666666666666E-01  1.5974243657957471E-01  1.2298346822078897E-01
  1.6666666666666666E-01  1.3583552118926506E-01  1.0680083212705758E-01
  1.6666666666666666E-01  1.0118556643381639E-01  7.2748137707706814E-02
  1.6666666666666666E-01  5.6747420423230471E-02  4.7609924392790250E-02
  1.6666666666666666E-01  6.9540772505694570E-02  5.5306471057032347E-02
  1.6666666666666666E-01  2.6545419904358880E-02  2.0599431882192015E-02
  1.6666666666666666E-01  4.0540474989136328E-02  3.1050112711210266E-02
  1.6666666666666666E-01  3.4518600964794637E-02  2.7600514181162841E-02
  1.6666666666666666E-01  2.4917061905516270E-02  1.7883269671010112E-02
  1.6666666666666666E-01  1.6436175481375229E-02  1.1398642392631336E-02
  1.6666666666666666E-01  1.9962969650144477E-02  1.3330451907220582E-02
  1.6666666666666666E-01  1.2771717554586040E+00  1.0198834242956936E+00
  1.6666666666666666E-01  1.0765630305733203E+00  8.5683550703883316E-01
  1.6666666666666666E-01  1.0799133938271566E+00  8.5800040334272998E-01
  1.6666666666666666E-01  1.2511522851419929E+00  1.0037112593322119E+00
  1.6666666666666666E-01  1.5473556771912780E+00  1.2376390673707187E+00
  1.6666666666666666E-01  1.5337477146533027E+00  1.2277081258830138E+00
  1.6666666666666666E-01  1.0619290455205384E+00  8.4188924382803998E-01
  1.6666666666666666E-01  1.0333710227202506E+00  8.0980730769592224E-01
  1.6666666666666666E-01  1.0316508782162639E+00  8.1035190876900542E-01
  1.6666666666666666E-01  1.0737211718823043E+00  8.5366576316785459E-01
  1.6666666666666666E-01  1.0895315660000999E+00  8.6733578071503470E-01
  1.6666666666666666E-01  1.0850470222341821E+00  8.6339704159402531E-01
  1.6666666666666666E-01  3.5544009114868386E-01  2.9417270081983221E-01
  1.6666666666666666E-01  4.9535497370511655E-01  4.0828626503215149E-01
  1.6666666666666666E-01  4.9683839482121400E-01  4.0955733178713910E-01
  1.6666666666666666E-01  3.5446826562290873E-01  2.9475617186925107E-01
  1.6666666666666666E-01  2.5716605886763666E-01  2.1780852341678383E-01
  1.6666666666666666E-01  2.5698780036073288E-01  2.1731492979873743E-01
  1.6666666666666666E-01  9.3377744062319259E-02  7.9054620589281727E-02
  1.6666666666666666E-01  1.5122638836169394E-01  1.1868032282103352E-01
  1.6666666666666666E-01  1.5113815413481854E-01  1.1883085624804875E-01
  1.6666666666666666E-01  9.3025647080275622E-02  7.9104585247155634E-02
  1.6666666666666666E-01  5.5691370242079583E-02  5.3558397062970088E-02
  1.6666666666666666E-01  5.5702694510193662E-02  5.3490138097027483E-02
  1.6666666666666666E-01  2.3681879417541150E-02  1.9999428901050623E-02
  1.6666666666666666E-01  3.3158985022766888E-02  2.9522053411821767E-02
  1.6666666666666666E-01  3.3110553495524074E-02  2.9539352696440025E-02
  1.6666666666666666E-01  2.3582838128890726E-02  1.9998448193794972E-02
  1.6666666666666666E-01  1.6143074350321755E-02  1.3184989551935459E-02
  1.6666666666666666E-01  1.6153838320853677E-02  1.3177311812024089E-02
  1.6666666666666666E-01  5.5152835443652559E-01  4.5294449903320788E-01
  1.6666666666666666E-01  3.3743224410258937E-01  2.6912030694017369E-01
  1.6666666666666666E-01  2.3440415725847144E-01  1.9371411767376573E-01
  1.6666666666666666E-01  3.1645153563732292E-01  2.5411560243193726E-01
  1.6666666666666666E-01  4.8225372408396461E-01  4.0342393039581648E-01
  1.6666666666666666E-01  6.7328948619457130E-01  5.5772319561179795E-01
  1.6666666666666666E-01  2.2578782542810830E-01  1.8867579853677025E-01
  1.6666666666666666E-01  2.1004384797957878E-01  1.7369892652780886E-01
  1.6666666666666666E-01  3.0568416834712497E-01  2.4298898411940581E-01
  1.6666666666666666E-01  4.7808110147812327E-01  3.8158024877991764E-01
  1.6666666666666666E-01  4.8456550841400031E-01  3.9420205676519848E-01
  1.6666666666666666E-01  3.4541597894512777E-01  2.7974897284432421E-01
  1.6666666666666666E-01  1.6717548979706581E-01  1.3268810654192237E-01
  1.6666666666666666E-01  1.9013709400286569E-01  1.5512420074972111E-01
  1.6666666666666666E-01  2.3946503781750203E-01  1.9625049965969665E-01
  1.6666666666666666E-01  2.4647885814630743E-01  2.0226309753763827E-01
  1.6666666666666666E-01  1.9665106136107532E-01  1.6216020599864828E-01
  1.6666666666666666E-01  1.7382645873759772E-01  1.3637482960414754E-01
  1.6666666666666666E-01  7.3684006822176878E-02  5.6542935331567429E-02
  1.6666666666666666E-01  1.1032901101072981E-01  7.8607871364157159E-02
  1.6666666666666666E-01  1.1716980688177810E-01  8.7911825892962009E-02
  1.6666666666666666E-01  8.2129043306508095E-02  6.7165696849817672E-02
  1.6666666666666666E-01  5.6819524122627918E-02  4.9011637802742390E-02
  1.6666666666666666E-01  4.8274265140451571E-02  4.2876920148600839E-02
  1.6666666666666666E-01  2.3204413286185856E-02  1.7224590297395762E-02
  1.6666666666666666E-01  3.0210055448082036E-02  2.4296203358007439E-02
  1.6666666666666666E-01  3.3958029171456613E-02  2.6688414439071849E-02
  1.6666666666666666E-01  1.9260170066748822E-02  1.7809849145095116E-02
  1.6666666666666666E-01  1.4669453922482195E-02  1.2192222642668170E-02
  1.6666666666666666E-01  1.2742590110217928E-02  1.1073320002917537E-02
  1.6666666666666666E-01  1.4720674847969559E-01  1.1955429147742545E-01
  1.6666666666666666E-01  1.0759331999327729E-01  7.8419945526839813E-02
  1.6666666666666666E-01  6.2075964258191133E-02  5.2219588884411208E-02
  1.6666666666666666E-01  8.1960749735505253E-02  6.5720584922360770E-02
  1.6666666666666666E-01  1.0586845833604444E-01  9.7537619707814743E-02
  1.6666666666666666E-01  1.8324776281984806E-01  1.4894708589118294E-01
  1.6666666666666666E-01  6.0213053688280956E-02  4.9663767861068117E-02
  1.6666666666666666E-01  5.5239571463546376E-02  4.6739306047616690E-02
  1.6666666666666666E-01  9.4838749463881600E-02  6.9838491982403939E-02
  1.6666666666666666E-01  1.2549858641277001E-01  9.7842382311392695E-02
  1.6666666666666666E-01  1.3195992849837770E-01  1.0300393273992699E-01
  1.6666666666666666E-01  7.7816753276890527E-02  6.7597000800401597E-02
  1.6666666666666666E-01  3.9142327113947252E-02  3.7708796606764391E-02
  1.6666666666666666E-01  4.7019457092982199E-02  4.2476883736593911E-02
  1.6666666666666666E-01  7.1417899044365366E-02  5.9441286949792033E-02
  1.6666666666666666E-01  1.1410571194038396E-01  8.4085467651888665E-02
  1.6666666666666666E-01  1.0601634466205202E-01  7.5943554672533276E-02
  1.6666666666666666E-01  6.9626430904643849E-02  5.3801871587147311E-02
  1.6666666666666666E-01  3.6699065633171497E-02  2.7075282373584669E-02
  1.6666666666666666E-01  4.4948273170231590E-02  3.3150285625987097E-02
  1.6666666666666666E-01  6.4681640148151934E-02  4.3417461354634916E-02
  1.6666666666666666E-01  6.6940074885411843E-02  4.4577140733268718E-02
  1.6666666666666666E-01  4.7385071914684107E-02  3.4540617805317475E-02
  1.6666666666666666E-01  3.8591497586379579E-02  2.7839354354665339E-02
  1.6666666666666666E-01  1.9410586898538820E-02  1.2275986593223539E-02
  1.6666666666666666E-01  2.4372145959528978E-02  1.6281109477140641E-02
  1.6666666666666666E-01  2.8103439631903603E-02  1.9046419651023112E-02
  1.6666666666666666E-01  1.8274237697339435E-02  1.4200401827038918E-02
  1.6666666666666666E-01  1.4808657520161521E-02  1.0246507661452794E-02
  1.6666666666666666E-01  1.2272470739606441E-02  8.7563426905874382E-03
  1.6666666666666666E-01  3.8617308340739002E-02  3.1955030155882080E-02
  1.6666666666666666E-01  2.7435643840972437E-02  1.9868889177692667E-02
  1.6666666666666666E-01  1.7589111221056875E-02  1.2575290472437047E-02
  1.6666666666666666E-01  2.2517897231146913E-02  1.5742156129477550E-02
  1.6666666666666666E-01  3.0319846119497042E-02  2.5829305763380994E-02
  1.6666666666666666E-01  4.7043118910674010E-02  3.8615896056580376E-02
  1.6666666666666666E-01  1.7195984591139395E-02  1.2271445199203123E-02
  1.6666666666666666E-01  1.5795467276320578E-02  1.1370620758255642E-02
  1.6666666666666666E-01  2.4150276116185466E-02  1.7769545927005633E-02
  1.6666666666666666E-01  3.3116561440182102E-02  2.6309196947672597E-02
  1.6666666666666666E-01  3.6166963694540678E-02  2.7629290102838870E-02
  1.6666666666666666E-01  2.3099704693949626E-02  1.8362356125334971E-02
  1.6666666666666666E-01  1.2462902993928148E-02  1.0174050505113916E-02
  1.6666666666666666E-01  1.4236983154862942E-02  1.1211670966870937E-02
  1.6666666666666666E-01  2.1251716576185905E-02  1.6775926630274270E-02
  1.6666666666666666E-01  2.8622487942196288E-02  2.3396784145504994E-02
  1.6666666666666666E-01  2.4531436060191265E-02  2.1315799933211328E-02
  1.6666666666666666E-01  1.8463074132989640E-02  1.4885231782618196E-02
  1.6666666666666666E-01  9.8991066243821410E-03  7.7627343286815632E-03
  1.6666666666666666E-01  1.1898536703338678E-02  8.9641498773225196E-03
  1.6666666666666666E-01  1.5096417190300814E-02  1.2679317277111874E-02
  1.6666666666666666E-01  2.6762104192856673E-02  1.8225330972309457E-02
  1.6666666666666666E-01  2.3141907113294103E-02  1.5717120130572856E-02
  1.6666666666666666E-01  1.8283526577893974E-02  1.1691455252427168E-02
  1.6666666666666666E-01  9.1553051084249278E-03  5.1769119838039742E-03
  1.6666666666666666E-01  1.1367034614481370E-02  6.5643975447052753E-03
  1.6666666666666666E-01  1.3634652171223508E-02  8.6543202732238672E-03
  1.6666666666666666E-01  1.4301584135311679E-02  8.9005528944665138E-03
  1.6666666666666666E-01  1.2028191102219886E-02  6.8323390499324017E-03
  1.6666666666666666E-01  9.6622476338688399E-03  5.3269397264087580E-03
  1.6666666666666666E-01  6.7356028301234905E-01  5.1973667000621016E-01
  1.6666666666666666E-01  3.0231406097231711E-01  2.2619113998904269E-01
  1.6666666666666666E-01  4.1199537300955341E-01  3.1551113528595393E-01
  1.6666666666666666E-01  6.6404549751505182E-01  5.3160767669692555E-01
  1.6666666666666666E-01  2.6595147268938124E-01  2.1761540796612608E-01
  1.6666666666666666E-01  4.7872901045823224E-01  3.7959490443594684E-01
  1.6666666666666666E-01  5.9597708178995035E-01  4.7695728668822485E-01
  1.6666666666666666E-01  4.1304568458472490E-01  3.3188189864165585E-01
  1.6666666666666666E-01  2.6762941024288872E-01  2.1577379662822993E-01
  1.6666666666666666E-01  2.1379481303393807E-01  1.7833366648973223E-01
  1.6666666666666666E-01  3.3063659913855015E-01  2.5807988094289375E-01
  1.6666666666666666E-01  5.2951773544684633E-01  4.2100094470989907E-01
  1.6666666666666666E-01  2.7537994412487005E-01  2.1914522801728303E-01
  1.6666666666666666E-01  2.7324736998249122E-01  2.1772334054218320E-01
  1.6666666666666666E-01  1.9603509566882132E-01  1.5419568665589348E-01
  1.6666666666666666E-01  1.5569211919715098E-01  1.1473115142389402E-01
  1.6666666666666666E-01  1.5767517147021273E-01  1.1557998654797509E-01
  1.6666666666666666E-01  1.9792724343359200E-01  1.5534334698786204E-01
  1.6666666666666666E-01  7.5916327564991157E-02  6.4058638591988126E-02
  1.6666666666666666E-01  1.1847502548928056E-01  8.7327403790728592E-02
  1.6666666666666666E-01  1.0334077045317021E-01  7.1521480058858153E-02
  1.6666666666666666E-01  8.1912828240712748E-02  5.2121155413060748E-02
  1.6666666666666666E-01  5.1814583763244090E-02  3.8360744674373219E-02
  1.6666666666666666E-01  6.3518811451518914E-02  4.7605061527593022E-02
  1.6666666666666666E-01  2.0080075649084938E-02  1.7325793593811357E-02
  1.6666666666666666E-01  3.7764823796568425E-02  2.6679964535057988E-02
  1.6666666666666666E-01  3.3298767413684149E-02  2.2968464927078349E-02
  1.6666666666666666E-01  2.5442545946269834E-02  1.5478772130497384E-02
  1.6666666666666666E-01  1.3077428701106309E-02  9.4842837326137089E-03
  1.6666666666666666E-01  1.5710228606984709E-02  1.1433453421528968E-02
  1.6666666666666666E-01  3.4013202425695266E-01  2.6761419813929310E-01
  1.6666666666666666E-01  2.2170017560107599E-01  1.8993814816363513E-01
  1.6666666666666666E-01  3.3862508298980043E-01  2.7004988015355647E-01
  1.6666666666666666E-01  5.5209952552400532E-01  4.5265547482961416E-01
  1.6666666666666666E-01  6.9085444695533982E-01  5.6521159387361097E-01
  1.6666666666666666E-01  4.7407597174293020E-01  3.9472402581991195E-01
  1.6666666666666666E-01  4.7706208294555996E-01  3.8223219964343930E-01
  1.6666666666666666E-01  3.0678616547160287E-01  2.4425796352530821E-01
  1.6666666666666666E-01  2.0202698855530221E-01  1.7340244286686243E-01
  1.6666666666666666E-01  2.4163781118990640E-01  2.0223908928038842E-01
  1.6666666666666666E-01  3.4924020377928228E-01  2.8787926158333949E-01
  1.6666666666666666E-01  4.8878420790078403E-01  3.9990228536704808E-01
  1.6666666666666666E-01  2.4667199001883341E-01  2.0306443497955071E-01
  1.6666666666666666E-01  2.4201159005026482E-01  1.9912427779024050E-01
  1.6666666666666666E-01  1.9219584967131859E-01  1.5886863280181074E-01
  1.6666666666666666E-01  1.7008596893133135E-01  1.3545103129135297E-01
  1.6666666666666666E-01  1.7333258573439295E-01  1.3743677314833000E-01
  1.6666666666666666E-01  1.9576461696440275E-01  1.6247468844524229E-01
  1.6666666666666666E-01  8.1994479884334226E-02  6.7273491635735899E-02
  1.6666666666666666E-01  1.1691213992548749E-01  8.8094003733386661E-02
  1.6666666666666666E-01  1.0997951559365977E-01  7.9031067828054649E-02
  1.6666666666666666E-01  7.3143411572148681E-02  5.6744037255558835E-02
  1.6666666666666666E-01  4.8101713040838753E-02  4.3011496588753723E-02
  1.6666666666666666E-01  5.6521560462646149E-02  4.9027667852641808E-02
  1.6666666666666666E-01  1.9212991299151716E-02  1.7818704471426684E-02
  1.6666666666666666E-01  3.3806654322729779E-02  2.6692013524183825E-02
  1.6666666666666666E-01  3.0086433174060161E-02  2.4341649339831094E-02
  1.6666666666666666E-01  2.3058788243209560E-02  1.7234389576757252E-02
  1.6666666666666666E-01  1.2693547754755743E-02  1.1084384304376863E-02
  1.6666666666666666E-01  1.4591429187726485E-02  1.2187065764863423E-02
  1.6666666666666666E-01  2.1799137608531616E-01  1.7530111000791967E-01
  1.6666666666666666E-01  1.6800094064294532E-01  1.2381858672490702E-01
  1.6666666666666666E-01  1.6759799001890707E-01  1.2362337088177770E-01
  1.6666666666666666E-01  2.1734168557293143E-01  1.7485278648330679E-01
  1.6666666666666666E-01  3.1105096281129613E-01  2.5956240367676220E-01
  1.6666666666666666E-01  3.1141767787287400E-01  2.5964237954544300E-01
  1.6666666666666666E-01  1.7407374658548275E-01  1.3919990540447075E-01
  1.6666666666666666E-01  1.4759212511876169E-01  1.1039941081898269E-01
  1.6666666666666666E-01  1.4796740688908691E-01  1.1065507923664097E-01
  1.6666666666666666E-01  1.7463886552269653E-01  1.3974355295053689E-01
  1.6666666666666666E-01  2.3683094629514850E-01  1.8907073040065508E-01
  1.6666666666666666E-01  2.3762526752075225E-01  1.8887664252939715E-01
  1.6666666666666666E-01  1.3824852251028105E-01  1.0756794619443215E-01
  1.6666666666666666E-01  1.3541980046079383E-01  1.0423582377690829E-01
  1.6666666666666666E-01  1.3483045886395201E-01  1.0429593133153706E-01
  1.6666666666666666E-01  1.3970935531387599E-01  1.0886916367391106E-01
  1.6666666666666666E-01  1.4124500034396378E-01  1.1069591392312148E-01
  1.6666666666666666E-01  1.4047379162118984E-01  1.1027588510243330E-01
  1.6666666666666666E-01  6.7395294638912751E-02  5.0742253528670588E-02
  1.6666666666666666E-01  8.9837672672938060E-02  6.2414771206367084E-02
  1.6666666666666666E-01  9.0274510719854026E-02  6.2587418661632296E-02
  1.6666666666666666E-01  6.7512274178108594E-02  5.0831267748327101E-02
  1.6666666666666666E-01  5.0246384491569332E-02  4.0931179402115464E-02
  1.6666666666666666E-01  5.0252692657163867E-02  4.0874416353017827E-02
  1.6666666666666666E-01  2.0094435774006669E-02  1.6006689051042033E-02
  1.6666666666666666E-01  3.1644417654451404E-02  2.2745590826129407E-02
  1.6666666666666666E-01  3.1625022697488993E-02  2.2765353232438595E-02
  1.6666666666666666E-01  2.0026204380101071E-02  1.6003527599113773E-02
  1.6666666666666666E-01  1.2120257341378815E-02  1.0732877190880750E-02
  1.6666666666666666E-01  1.2133238283832826E-02  1.0727366781934897E-02
  1.6666666666666666E-01  1.1175254243908816E-01  8.0352860490664424E-02
  1.6666666666666666E-01  8.6355855380750052E-02  5.5948451557717049E-02
  1.6666666666666666E-01  5.5013874517840386E-02  4.1476259006044208E-02
  1.6666666666666666E-01  6.9434567878969816E-02  5.4479394688642310E-02
  1.6666666666666666E-01  8.3766048114671698E-02  7.6894055058123356E-02
  1.6666666666666666E-01  1.2982954010363670E-01  1.0356229613383225E-01
  1.6666666666666666E-01  5.8034315262887222E-02  4.4047791213960498E-02
  1.6666666666666666E-01  4.8443118079630983E-02  3.7396708328236342E-02
  1.6666666666666666E-01  7.5773859433917942E-02  5.0160977936381752E-02
  1.6666666666666666E-01  9.4280429546586705E-02  6.5923311451417138E-02
  1.6666666666666666E-01  1.0339547918336761E-01  7.6324899965555290E-02
  1.6666666666666666E-01  6.9702786813447409E-02  5.7043265591204297E-02
  1.6666666666666666E-01  4.5407416070400684E-02  3.6943962888454002E-02
  1.6666666666666666E-01  4.2434571716419539E-02  3.5522589430320183E-02
  1.6666666666666666E-01  5.8773973147628777E-02  4.4903626502269964E-02
  1.6666666666666666E-01  8.6956871680686582E-02  5.9224167189861371E-02
  1.6666666666666666E-01  8.8358423694593194E-02  6.0608782026022413E-02
  1.6666666666666666E-01  6.6324505306824585E-02  4.8645220905866926E-02
  1.6666666666666666E-01  3.8862236473260092E-02  2.6452679095245200E-02
  1.6666666666666666E-01  4.3169848912051473E-02  2.9477705196121282E-02
  1.6666666666666666E-01  5.6750139797148824E-02  3.5506919159884284E-02
  1.6666666666666666E-01  5.7617918541597805E-02  3.6286258976641408E-02
  1.6666666666666666E-01  4.3737178426806023E-02  3.0419221068741526E-02
  1.6666666666666666E-01  3.9835660171268689E-02  2.7024048532452914E-02
  1.6666666666666666E-01  1.6285219349304908E-02  1.1420812690838094E-02
  1.6666666666666666E-01  2.5422645857930661E-02  1.5528475211142810E-02
  1.6666666666666666E-01  2.7600472160020383E-02  1.7124274121147257E-02
  1.6666666666666666E-01  1.9960007765697653E-02  1.3338166654055208E-02
  1.6666666666666666E-01  1.2834609871340335E-02  9.3385008995579763E-03
  1.6666666666666666E-01  1.0933895849212501E-02  8.3920026175286992E-03
  1.6666666666666666E-01  3.5863018790799131E-02  2.6059497554076654E-02
  1.6666666666666666E-01  2.6805601677127082E-02  1.6795606170680679E-02
  1.6666666666666666E-01  1.4341371359466910E-02  1.0460720780714238E-02
  1.6666666666666666E-01  1.7686986840796452E-02  1.3398748388432720E-02
  1.6666666666666666E-01  2.2804977792871255E-02  2.1490650413571424E-02
  1.6666666666666666E-01  4.0874165670119145E-02  3.2059093737558886E-02
  1.6666666666666666E-01  1.5003152431825281E-02  1.0993667446493327E-02
  1.6666666666666666E-01  1.2760974871806415E-02  9.5414203435198290E-03
  1.6666666666666666E-01  2.3543563496798484E-02  1.5179017090420379E-02
  1.6666666666666666E-01  3.0598933876244076E-02  2.1737416119853317E-02
  1.6666666666666666E-01  3.5016772326687463E-02  2.4392729807164577E-02
  1.6666666666666666E-01  1.9396750851218190E-02  1.6155842313763984E-02
  1.6666666666666666E-01  1.3497242484883643E-02  1.0175194465551122E-02
  1.6666666666666666E-01  1.2256866498140093E-02  9.8609272188736781E-03
  1.6666666666666666E-01  2.0915897172629865E-02  1.4857888294792390E-02
  1.6666666666666666E-01  2.6783816860000434E-02  2.0016443277901426E-02
  1.6666666666666666E-01  2.8593292849243009E-02  2.0615303378476231E-02
  1.6666666666666666E-01  1.7597972306764180E-02  1.4288465586986970E-02
  1.6666666666666666E-01  9.3461213274879905E-03  7.6169323442708556E-03
  1.6666666666666666E-01  1.1293466807165226E-02  8.4491641690108421E-03
  1.6666666666666666E-01  1.8096620619349451E-02  1.2279899717635443E-02
  1.6666666666666666E-01  2.7304984158522450E-02  1.6609235736355959E-02
  1.6666666666666666E-01  2.4780235047858222E-02  1.5137238353104187E-02
  1.6666666666666666E-01  1.5621013323862279E-02  1.0964976119589995E-02
  1.6666666666666666E-01  7.8284474812042766E-03  4.8676522776140967E-03
  1.6666666666666666E-01  9.7566087551013096E-03  6.0644695690227199E-03
  1.6666666666666666E-01  1.5434452476967730E-02  8.4335555731241251E-03
  1.6666666666666666E-01  1.5818425941737838E-02  8.6048866167257390E-03
  1.6666666666666666E-01  1.0146070164537148E-02  6.2614825376400007E-03
  1.6666666666666666E-01  8.1448396138157700E-03  4.9832889709503902E-03
  1.6666666666666666E-01  1.7716218311315352E-01  1.2884986309025626E-01
  1.6666666666666666E-01  9.1649597620338363E-02  6.2266841531215290E-02
  1.6666666666666666E-01  1.2459066437890347E-01  8.5805465539542394E-02
  1.6666666666666666E-01  1.5662397872892680E-01  1.2661071606043781E-01
  1.6666666666666666E-01  7.6699573111094099E-02  5.8441819704201994E-02
  1.6666666666666666E-01  1.1726573907264752E-01  9.3932115613381245E-02
  1.6666666666666666E-01  1.5354928271738633E-01  1.1915913685961399E-01
  1.6666666666666666E-01  1.0308394748113450E-01  8.3072538514290251E-02
  1.6666666666666666E-01  7.9414760038644436E-02  5.9045020131316746E-02
  1.6666666666666666E-01  6.3766228801292985E-02  4.9757888849343963E-02
  1.6666666666666666E-01  9.5123246875092715E-02  7.0332401982974940E-02
  1.6666666666666666E-01  1.2902705909964557E-01  1.0322573681475751E-01
  1.6666666666666666E-01  1.1678314759412350E-01  8.6191277403591809E-02
  1.6666666666666666E-01  7.0806242046536336E-02  6.1497403182569556E-02
  1.6666666666666666E-01  5.8831424347358656E-02  4.5658744964312416E-02
  1.6666666666666666E-01  4.7591619844444807E-02  3.6722552555930037E-02
  1.6666666666666666E-01  8.0446531316492473E-02  5.1359979739122180E-02
  1.6666666666666666E-01  1.0167384982561234E-01  7.0687567317619632E-02
  1.6666666666666666E-01  6.2212333944713490E-02  4.2371683803853234E-02
  1.6666666666666666E-01  6.1124598828738393E-02  4.1938261735454944E-02
  1.6666666666666666E-01  5.3041858087644000E-02  3.3240241846494802E-02
  1.6666666666666666E-01  4.2701815395225148E-02  2.5634158617158797E-02
  1.6666666666666666E-01  4.3550338252582109E-02  2.5906506795046004E-02
  1.6666666666666666E-01  5.4067844867583544E-02  3.3693428422444778E-02
  1.6666666666666666E-01  2.0098588621475372E-02  1.4014604517154628E-02
  1.6666666666666666E-01  3.1993867908849422E-02  1.9233414805434997E-02
  1.6666666666666666E-01  2.8178890080986750E-02  1.5975601739503697E-02
  1.6666666666666666E-01  2.1969166345506934E-02  1.1215873825900119E-02
  1.6666666666666666E-01  1.3446102553377937E-02  7.6755384180546447E-03
  1.6666666666666666E-01  1.6545571133790866E-02  9.7028342147624895E-03
  1.6666666666666666E-01  8.4323453678638874E-02  6.7685031789478114E-02
  1.6666666666666666E-01  5.5138980427736947E-02  5.0097599448338123E-02
  1.6666666666666666E-01  1.0577025584139840E-01  7.7778190204428166E-02
  1.6666666666666666E-01  1.4503510818962595E-01  1.1867024130920163E-01
  1.6666666666666666E-01  2.1079209198564491E-01  1.5853331064602097E-01
  1.6666666666666666E-01  1.1069665839103765E-01  9.7012570887870159E-02
  1.6666666666666666E-01  1.2014201414929737E-01  9.7682082436350806E-02
  1.6666666666666666E-01  9.3736946983543804E-02  6.9887145741855020E-02
  1.6666666666666666E-01  5.0739084105169432E-02  4.6136017594783210E-02
  1.6666666666666666E-01  6.0303818062320477E-02  5.2623520909277584E-02
  1.6666666666666666E-01  8.3882091521519528E-02  7.3020652179869472E-02
  1.6666666666666666E-01  1.4165380336808092E-01  1.0935958490670510E-01
  1.6666666666666666E-01  1.1525708958442803E-01  8.6020367870874831E-02
  1.6666666666666666E-01  7.7618557937535859E-02  6.2773826337008926E-02
  1.6666666666666666E-01  5.0796561590001232E-02  4.5295034163830114E-02
  1.6666666666666666E-01  4.2863505562734834E-02  4.0253714900673372E-02
  1.6666666666666666E-01  7.1227686096917403E-02  5.5471081140828854E-02
  1.6666666666666666E-01  1.0790358695784870E-01  7.7565725042937017E-02
  1.6666666666666666E-01  6.6868385358507837E-02  4.4875207793757158E-02
  1.6666666666666666E-01  6.5864320235737767E-02  4.4255996328142151E-02
  1.6666666666666666E-01  4.5923647500839535E-02  3.4004597582394498E-02
  1.6666666666666666E-01  3.7390646375609238E-02  2.7669702436464157E-02
  1.6666666666666666E-01  3.8355726754737994E-02  2.8053165714715621E-02
  1.6666666666666666E-01  4.7076422897652050E-02  3.4678789656760176E-02
  1.6666666666666666E-01  1.8217627337339105E-02  1.4233993637958081E-02
  1.6666666666666666E-01  2.7969323474804107E-02  1.9110291111782800E-02
  1.6666666666666666E-01  2.4211832693819522E-02  1.6365092441035838E-02
  1.6666666666666666E-01  1.9233715298483306E-02  1.2306758461180107E-02
  1.6666666666666666E-01  1.2206073509512593E-02  8.7737579735349125E-03
  1.6666666666666666E-01  1.4718752918305954E-02  1.0252996294825715E-02
  1.6666666666666666E-01  6.8385502719015889E-02  5.4060670450487902E-02
  1.6666666666666666E-01  5.4192176762350858E-02  4.1224645172238582E-02
  1.6666666666666666E-01  8.6478401880037761E-02  5.5960612692472794E-02
  1.6666666666666666E-01  1.1197722625823275E-01  8.0428853121123065E-02
  1.6666666666666666E-01  1.3008114772642493E-01  1.0367284930089274E-01
  1.6666666666666666E-01  8.2776276129352594E-02  7.6459660913813940E-02
  1.6666666666666666E-01  9.4490765312048003E-02  6.6053160582003514E-02
  1.6666666666666666E-01  7.5868556757201930E-02  5.0204584550137002E-02
  1.6666666666666666E-01  4.7943369631605996E-02  3.7351082639542080E-02
  1.6666666666666666E-01  5.7297569336073384E-02  4.4028653781123632E-02
  1.6666666666666666E-01  6.6087986623120834E-02  5.6754838277189114E-02
  1.6666666666666666E-01  1.0362168867881502E-01  7.6500202373223691E-02
  1.6666666666666666E-01  8.6548736007780708E-02  5.9261340016962816E-02
  1.6666666666666666E-01  5.8906861549798725E-02  4.5013036278942500E-02
  1.6666666666666666E-01  4.0044359818783799E-02  3.5377488567024808E-02
  1.6666666666666666E-01  4.9340778313009627E-02  3.8611044249053601E-02
  1.6666666666666666E-01  6.7018348330358149E-02  4.9624631356171053E-02
  1.6666666666666666E-01  8.9222598583529239E-02  6.1306816428808537E-02
  1.6666666666666666E-01  5.7901878276500625E-02  3.6423537541083205E-02
  1.6666666666666666E-01  5.7311141842874280E-02  3.5892923737887467E-02
  1.6666666666666666E-01  4.3584604852011793E-02  2.9972071552861426E-02
  1.6666666666666666E-01  3.9592637182283189E-02  2.6892839814784120E-02
  1.6666666666666666E-01  3.9934311715074042E-02  2.7204826077139976E-02
  1.6666666666666666E-01  4.3823212342679004E-02  3.0504884377423720E-02
  1.6666666666666666E-01  1.9953853628270644E-02  1.3360605429757552E-02
  1.6666666666666666E-01  2.7670873022704143E-02  1.7175372365681219E-02
  1.6666666666666666E-01  2.5474883109910015E-02  1.5612597111277890E-02
  1.6666666666666666E-01  1.6258252440144547E-02  1.1456492757092665E-02
  1.6666666666666666E-01  1.0914352399252420E-02  8.4115491870069992E-03
  1.6666666666666666E-01  1.2792311719804142E-02  9.3409254782475595E-03
  1.6666666666666666E-01  5.8003811936113717E-02  3.8035693584192780E-02
  1.6666666666666666E-01  4.5572400123325897E-02  2.7871762233306136E-02
  1.6666666666666666E-01  4.5470570186824377E-02  2.7845208131756297E-02
  1.6666666666666666E-01  5.7904344451122441E-02  3.8018039035991200E-02
  1.6666666666666666E-01  6.7199213992915924E-02  5.0431100144082808E-02
  1.6666666666666666E-01  6.7343037688755339E-02  5.0483101436735713E-02
  1.6666666666666666E-01  4.9029951150098706E-02  3.1428482281181773E-02
  1.6666666666666666E-01  3.9943839820758269E-02  2.5185950382901889E-02
  1.6666666666666666E-01  4.0033183072293636E-02  2.5217418861486429E-02
  1.6666666666666666E-01  4.9103538784530915E-02  3.1458091744506714E-02
  1.6666666666666666E-01  5.7214428033439374E-02  3.8419240766907531E-02
  1.6666666666666666E-01  5.7074946268064752E-02  3.8355456978753741E-02
  1.6666666666666666E-01  3.8389537755520065E-02  2.7377932930250502E-02
  1.6666666666666666E-01  3.3549197379125914E-02  2.3673687358970952E-02
  1.6666666666666666E-01  3.3627777879887064E-02  2.3708571960512813E-02
  1.6666666666666666E-01  3.8473795095251756E-02  2.7423937388789933E-02
  1.6666666666666666E-01  5.5544549800978865E-02  3.4530555707849575E-02
  1.6666666666666666E-01  5.5797483713801097E-02  3.4523561548456115E-02
  1.6666666666666666E-01  3.6852368664285734E-02  2.1593428630162580E-02
  1.6666666666666666E-01  3.6218583597981684E-02  2.1148193858606050E-02
  1.6666666666666666E-01  3.6056137599046925E-02  2.1152044401829603E-02
  1.6666666666666666E-01  3.7201968250191800E-02  2.1783017370224367E-02
  1.6666666666666666E-01  3.7522678519965789E-02  2.2055707370997657E-02
  1.6666666666666666E-01  3.7323387485093742E-02  2.1987774176165882E-02
  1.6666666666666666E-01  1.7556505595717913E-02  1.0219443589819658E-02
  1.6666666666666666E-01  2.3849624458318314E-02  1.2761124768194503E-02
  1.6666666666666666E-01  2.3969783727365097E-02  1.2793161727559860E-02
  1.6666666666666666E-01  1.7603325092079632E-02  1.0242076832286454E-02
  1.6666666666666666E-01  1.2640027969482050E-02  7.7570378053407841E-03
  1.6666666666666666E-01  1.2642978847235722E-02  7.7472156195731341E-03
  1.6666666666666666E-01  2.9795206482760968E-02  1.8000421232105136E-02
  1.6666666666666666E-01  2.2682620496639171E-02  1.2001095132606382E-02
  1.6666666666666666E-01  1.3993683888217999E-02  8.2589652801895262E-03
  1.6666666666666666E-01  1.7674085961828012E-02  1.1044303920579687E-02
  1.6666666666666666E-01  2.1729617220481470E-02  1.7030127908176356E-02
  1.6666666666666666E-01  3.4019182136139359E-02  2.2931369085451361E-02
  1.6666666666666666E-01  1.5103734325181233E-02  9.2315619722386864E-03
  1.6666666666666666E-01  1.2386405078046867E-02  7.5679081790421153E-03
  1.6666666666666666E-01  1.9904634925194970E-02  1.0903028549288887E-02
  1.6666666666666666E-01  2.5400447824148454E-02  1.5051512991052542E-02
  1.6666666666666666E-01  2.9400718226417322E-02  1.7681188573792726E-02
  1.6666666666666666E-01  1.8729575134283194E-02  1.3031059092607263E-02
  1.6666666666666666E-01  1.3422645921977830E-02  8.7682815024873444E-03
  1.6666666666666666E-01  1.1272620894613197E-02  7.8092426255256748E-03
  1.6666666666666666E-01  1.7196624507114903E-02  1.0728217037891005E-02
  1.6666666666666666E-01  2.1437679474695635E-02  1.3750904640797351E-02
  1.6666666666666666E-01  2.4195874976059389E-02  1.5446885708777123E-02
  1.6666666666666666E-01  1.6924910064943545E-02  1.1862550816469454E-02
  1.6666666666666666E-01  1.1505451206398579E-02  7.1878806507950626E-03
  1.6666666666666666E-01  1.0735427360309815E-02  6.9743020048567625E-03
  1.6666666666666666E-01  1.5388931609669167E-02  9.3288658352076986E-03
  1.6666666666666666E-01  2.3161492441612461E-02  1.2270271044962382E-02
  1.6666666666666666E-01  2.3530074460932405E-02  1.2487490112221169E-02
  1.6666666666666666E-01  1.7380377509613732E-02  9.9266069727479301E-03
  1.6666666666666666E-01  9.6063566982128503E-03  4.7291964600923294E-03
  1.6666666666666666E-01  1.0861084821547075E-02  5.5000205632063275E-03
  1.6666666666666666E-01  1.4810162559085946E-02  7.1020006454175083E-03
  1.6666666666666666E-01  1.4999804149632100E-02  7.2187412168626111E-03
  1.6666666666666666E-01  1.0955423800057866E-02  5.6203254956223928E-03
  1.6666666666666666E-01  9.8270026481464389E-03  4.8109052003879604E-03
  1.6666666666666666E-01  5.2721659760010559E-02  3.4995356390041296E-02
  1.6666666666666666E-01  2.5770060319328582E-02  1.4764437619339110E-02
  1.6666666666666666E-01  3.6173345106672729E-02  2.2335040233457278E-02
  1.6666666666666666E-01  4.5029748792624495E-02  3.3686756152423745E-02
  1.6666666666666666E-01  2.0934985225549253E-02  1.3651855194459633E-02
  1.6666666666666666E-01  3.3653074581251670E-02  2.4487185712056415E-02
  1.6666666666666666E-01  4.5589713989367675E-02  3.2678616212234800E-02
  1.6666666666666666E-01  3.0119569927364635E-02  2.2186835777059037E-02
  1.6666666666666666E-01  2.2393410205588493E-02  1.4448925269758767E-02
  1.6666666666666666E-01  1.8191189102007670E-02  1.2153091683021963E-02
  1.6666666666666666E-01  2.8097184394566030E-02  1.8843857185186282E-02
  1.6666666666666666E-01  3.8682007080249312E-02  2.8803723826799490E-02
  1.6666666666666666E-01  3.4558118480255168E-02  2.5430157925037323E-02
  1.6666666666666666E-01  2.2110486668125841E-02  1.7669321463286852E-02
  1.6666666666666666E-01  1.7503446327827230E-02  1.1830351597196316E-02
  1.6666666666666666E-01  1.4341593562260934E-02  9.6432334939127885E-03
  1.6666666666666666E-01  2.2918115690155113E-02  1.4666774312265219E-02
  1.6666666666666666E-01  3.0268432940852564E-02  2.1836608354410796E-02
  1.6666666666666666E-01  3.1283511120131752E-02  1.8881734883065163E-02
  1.6666666666666666E-01  1.8166654382947109E-02  1.3314853443144176E-02
  1.6666666666666666E-01  1.4813596600279325E-02  9.1631054059820843E-03
  1.6666666666666666E-01  1.2011190602535131E-02  7.2694084040476319E-03
  1.6666666666666666E-01  2.1431418260236486E-02  1.0999998028205319E-02
  1.6666666666666666E-01  2.7553248336592340E-02  1.5737519627381930E-02
  1.6666666666666666E-01  1.6447320224389675E-02  9.0619450412902057E-03
  1.6666666666666666E-01  1.6072297955378078E-02  8.9479501311898260E-03
  1.6666666666666666E-01  1.3593505656586137E-02  6.4931238961598303E-03
  1.6666666666666666E-01  1.0645311405787179E-02  4.6153882082632042E-03
  1.6666666666666666E-01  1.0916740202842674E-02  4.6781641465309448E-03
  1.6666666666666666E-01  1.3937570690137093E-02  6.6022012886829042E-03
  1.6666666666666666E-01  2.3926674945667623E-02  1.6386586608596959E-02
  1.6666666666666666E-01  1.5977685879416347E-02  1.2040512739875945E-02
  1.6666666666666666E-01  2.5408908805008939E-02  1.9258995142953324E-02
  1.6666666666666666E-01  3.6008192878679970E-02  3.0979169454398225E-02
  1.6666666666666666E-01  5.2645102962120445E-02  4.0222630064239547E-02
  1.6666666666666666E-01  3.2448924091322710E-02  2.5636094738865547E-02
  1.6666666666666666E-01  3.0194782774893125E-02  2.5959823954995475E-02
  1.6666666666666666E-01  2.2821013885087785E-02  1.7531495709075983E-02
  1.6666666666666666E-01  1.4777306050041092E-02  1.1242427479395084E-02
  1.6666666666666666E-01  1.7523018248801415E-02  1.3218687922319523E-02
  1.6666666666666666E-01  2.5182762752111069E-02  1.9949082680869503E-02
  1.6666666666666666E-01  3.5998343028918467E-02  2.8881572140186610E-02
  1.6666666666666666E-01  3.0991810750269768E-02  2.4845577450616687E-02
  1.6666666666666666E-01  2.1097201710788958E-02  1.7450662652343591E-02
  1.6666666666666666E-01  1.5517590854963310E-02  1.2020976086150636E-02
  1.6666666666666666E-01  1.3248727482786694E-02  1.0914635151997058E-02
  1.6666666666666666E-01  2.0284328882196518E-02  1.6070092508683624E-02
  1.6666666666666666E-01  2.6866007717100925E-02  2.2680672042147045E-02
  1.6666666666666666E-01  2.7363429282728866E-02  1.8704761796933551E-02
  1.6666666666666666E-01  1.6571459241381967E-02  1.3401330845936685E-02
  1.6666666666666666E-01  1.3018289146655560E-02  9.5684078736331512E-03
  1.6666666666666666E-01  1.0738361640601414E-02  8.2451766881182081E-03
  1.6666666666666666E-01  1.8660112849723208E-02  1.2025345570072002E-02
  1.6666666666666666E-01  2.3588165947439909E-02  1.6075592443176679E-02
  1.6666666666666666E-01  1.4226793762004057E-02  8.9537758148820496E-03
  1.6666666666666666E-01  1.3905051356087385E-02  8.8295514703707230E-03
  1.6666666666666666E-01  1.1585593004359086E-02  6.7198255671442981E-03
  1.6666666666666666E-01  9.3091723888845089E-03  5.2777955058525066E-03
  1.6666666666666666E-01  9.5749825892023285E-03  5.3525794969246712E-03
  1.6666666666666666E-01  1.1921342485719714E-02  6.8519037477628745E-03
  1.6666666666666666E-01  1.6529349570398352E-02  1.3015832489151804E-02
  1.6666666666666666E-01  1.3437152012221190E-02  1.0215721678068716E-02
  1.6666666666666666E-01  2.6427106116501654E-02  1.6653873794260501E-02
  1.6666666666666666E-01  3.5383374462035010E-02  2.5858674170865334E-02
  1.6666666666666666E-01  4.0401399760972942E-02  3.1772286539304126E-02
  1.6666666666666666E-01  2.1637110414238121E-02  2.0961158905560176E-02
  1.6666666666666666E-01  3.0266496188262715E-02  2.1689041946295028E-02
  1.6666666666666666E-01  2.3303163898173319E-02  1.5109984837271861E-02
  1.6666666666666666E-01  1.2170592963430517E-02  9.4145820059514940E-03
  1.6666666666666666E-01  1.4155671189178418E-02  1.0846654592730955E-02
  1.6666666666666666E-01  1.7464817431679283E-02  1.5878186456973867E-02
  1.6666666666666666E-01  3.4492592543267475E-02  2.4306815972226122E-02
  1.6666666666666666E-01  2.5236623050177109E-02  1.9923925333078525E-02
  1.6666666666666666E-01  2.0557954509000671E-02  1.4804025961208316E-02
  1.6666666666666666E-01  1.1000236188262399E-02  9.7149002369365505E-03
  1.6666666666666666E-01  1.3382921179124594E-02  1.0489211929523914E-02
  1.6666666666666666E-01  1.9085954477996880E-02  1.5034383374728068E-02
  1.6666666666666666E-01  3.1087362671426071E-02  2.1494524248049519E-02
  1.6666666666666666E-01  2.7564081181507293E-02  1.6894832706185074E-02
  1.6666666666666666E-01  1.9704603015231806E-02  1.2778636783458520E-02
  1.6666666666666666E-01  1.2226178940565827E-02  8.8460250848826603E-03
  1.6666666666666666E-01  1.0269523840115617E-02  7.9923634662293300E-03
  1.6666666666666666E-01  1.6002855287302647E-02  1.1233382091884058E-02
  1.6666666666666666E-01  2.5251296346414525E-02  1.5402904681450830E-02
  1.6666666666666666E-01  1.5854964118490564E-02  8.6592503577579503E-03
  1.6666666666666666E-01  1.5730132276460619E-02  8.5712255141393405E-03
  1.6666666666666666E-01  9.9843551204410082E-03  6.1914702158343878E-03
  1.6666666666666666E-01  7.9894089627506430E-03  4.9554062846796513E-03
  1.6666666666666666E-01  8.1258974062330073E-03  5.0134006562202746E-03
  1.6666666666666666E-01  1.0130540518747407E-02  6.2865269232045004E-03
  1.6666666666666666E-01  1.7472282165273613E-02  1.0968175213631992E-02
  1.6666666666666666E-01  1.3845384895290726E-02  8.2186452802691448E-03
  1.6666666666666666E-01  2.2731609235128097E-02  1.2007329906489136E-02
  1.6666666666666666E-01  2.9856057435782929E-02  1.8010298457091758E-02
  1.6666666666666666E-01  3.4066877403156490E-02  2.2926078462074354E-02
  1.6666666666666666E-01  2.1532712804279215E-02  1.6930874093310400E-02
  1.6666666666666666E-01  2.5455366608403324E-02  1.5067840875741961E-02
  1.6666666666666666E-01  1.9945905640658061E-02  1.0911495035465617E-02
  1.6666666666666666E-01  1.2298190982342996E-02  7.5483747767302557E-03
  1.6666666666666666E-01  1.4958820141600989E-02  9.1999732753471654E-03
  1.6666666666666666E-01  1.8510866092449757E-02  1.2996650581984945E-02
  1.6666666666666666E-01  2.9443012818324319E-02  1.7689303838852321E-02
  1.6666666666666666E-01  2.1484333001365031E-02  1.3767382553936319E-02
  1.6666666666666666E-01  1.7220105732386342E-02  1.0732119349460174E-02
  1.6666666666666666E-01  1.1128686591699190E-02  7.7905652198358120E-03
  1.6666666666666666E-01  1.3201767986720743E-02  8.7345889013709377E-03
  1.6666666666666666E-01  1.5909312479754176E-02  1.1768818493899590E-02
  1.6666666666666666E-01  2.4237927454356000E-02  1.5455594779006227E-02
  1.6666666666666666E-01  2.3054660451411770E-02  1.2271938798668818E-02
  1.6666666666666666E-01  1.5417533888894705E-02  9.3367994569203833E-03
  1.6666666666666666E-01  1.0084609266365252E-02  6.9287376914984808E-03
  1.6666666666666666E-01  1.2517253145884736E-02  7.4326737085778829E-03
  1.6666666666666666E-01  1.7541061359461086E-02  1.0072570910922507E-02
  1.6666666666666666E-01  2.3747264822305197E-02  1.2598253281080595E-02
  1.6666666666666666E-01  1.5078663567675536E-02  7.2442952479088944E-03
  1.6666666666666666E-01  1.4946472186265190E-02  7.1624788497693910E-03
  1.6666666666666666E-01  1.0953226541894812E-02  5.5679012213081455E-03
  1.6666666666666666E-01  9.7858674993864577E-03  4.7951050005609281E-03
  1.6666666666666666E-01  9.8516411163916736E-03  4.8381570699526089E-03
  1.6666666666666666E-01  1.0983455536365185E-02  5.6363921471362403E-03
  1.6666666666666666E-01  1.4569399866030572E-02  7.4116445114693601E-03
  1.6666666666666666E-01  1.1146744031620921E-02  4.9635876382432952E-03
  1.6666666666666666E-01  1.1120644128603665E-02  4.9585584744266577E-03
  1.6666666666666666E-01  1.4536742608877060E-02  7.4054516763457064E-03
  1.6666666666666666E-01  1.7342753941289230E-02  1.0976475796757814E-02
  1.6666666666666666E-01  1.7376969315234615E-02  1.0984243627454333E-02
  1.6666666666666666E-01  1.2453431398296903E-02  6.2344253442701914E-03
  1.6666666666666666E-01  9.7807194756284466E-03  4.5505376455662614E-03
  1.6666666666666666E-01  9.8031393363621766E-03  4.5557276609611867E-03
  1.6666666666666666E-01  1.2480832235645153E-02  6.2408448468940303E-03
  1.6666666666666666E-01  1.5129065647042778E-02  8.4381286939588344E-03
  1.6666666666666666E-01  1.5096352612057846E-02  8.4294343141565354E-03
  1.6666666666666666E-01  1.0769838154279751E-02  5.9456654359896690E-03
  1.6666666666666666E-01  8.6916073698193649E-03  4.7880267836347030E-03
  1.6666666666666666E-01  8.7109665810649398E-03  4.7930283318788668E-03
  1.6666666666666666E-01  1.0787717529748241E-02  5.9494017993085594E-03
  1.6666666666666666E-01  1.3336037643531093E-02  7.6850526133474054E-03
  1.6666666666666666E-01  1.3304991022937781E-02  7.6760633275245278E-03
  1.6666666666666666E-01  9.6008818174279573E-03  5.1608304026706468E-03
  1.6666666666666666E-01  8.2399646311738656E-03  4.3156421211759805E-03
  1.6666666666666666E-01  8.2598752101768862E-03  4.3211016604467632E-03
  1.6666666666666666E-01  9.6214819789275739E-03  5.1654188977384996E-03
  1.6666666666666666E-01  1.4487313042018319E-02  6.9376347127058959E-03
  1.6666666666666666E-01  1.4556556839647681E-02  6.9393139906631825E-03
  1.6666666666666666E-01  9.1296642781841814E-03  3.7889090441647288E-03
  1.6666666666666666E-01  8.9738011367864155E-03  3.7225487099255116E-03
  1.6666666666666666E-01  8.9301665141345021E-03  3.7217565654753793E-03
  1.6666666666666666E-01  9.2102762000071114E-03  3.8160391322960459E-03
  1.6666666666666666E-01  9.2871158868431669E-03  3.8566249347513916E-03
  1.6666666666666666E-01  9.2356233666412435E-03  3.8451671429890720E-03
